symbol,date,open,high,low,close,volume
SHEPHERD,2022-01-02,30.0,30.0,28.2,28.5,45891.0
SHEPHERD,2022-01-03,29.4,29.5,28.5,29.3,177990.0
SHEPHERD,2022-01-04,29.5,29.8,27.5,27.8,276255.0
SHEPHERD,2022-01-05,28.8,28.8,27.1,27.6,395803.0
SHEPHERD,2022-01-06,28.4,28.4,27.3,27.4,279717.0
SHEPHERD,2022-01-09,28.2,28.2,27.3,27.5,281396.0
SHEPHERD,2022-01-10,27.5,28.0,27.5,27.7,183847.0
SHEPHERD,2022-01-11,28.4,28.4,26.2,27.0,192894.0
SHEPHERD,2022-01-12,27.7,27.8,26.9,27.4,253789.0
SHEPHERD,2022-01-13,27.4,28.0,26.7,26.9,172829.0
SHEPHERD,2022-01-16,27.7,27.7,26.2,26.6,253778.0
SHEPHERD,2022-01-17,27.4,27.4,26.7,26.9,136720.0
SHEPHERD,2022-01-18,27.5,29.5,26.9,29.5,575888.0
SHEPHERD,2022-01-19,29.6,31.9,29.5,31.8,2310545.0
SHEPHERD,2022-01-20,31.9,31.9,30.0,30.7,1463445.0
SHEPHERD,2022-01-23,30.7,30.9,28.9,29.1,613624.0
SHEPHERD,2022-01-24,30.7,30.7,27.8,28.6,461539.0
SHEPHERD,2022-01-25,28.2,31.0,28.2,28.8,589084.0
SHEPHERD,2022-01-26,30.0,30.0,28.4,28.5,267464.0
SHEPHERD,2022-01-27,29.4,30.2,28.6,29.2,564625.0
SHEPHERD,2022-01-30,29.8,29.8,28.3,29.1,250684.0
SHEPHERD,2022-01-31,30.0,30.0,28.3,28.7,348890.0
SHEPHERD,2022-02-01,29.4,30.3,28.8,29.9,537211.0
SHEPHERD,2022-02-02,29.0,30.7,29.0,29.7,620021.0
SHEPHERD,2022-02-03,29.8,30.5,29.5,29.8,292120.0
SHEPHERD,2022-02-06,30.3,30.3,29.4,29.6,267765.0
SHEPHERD,2022-02-07,30.0,30.3,29.4,29.6,311433.0
SHEPHERD,2022-02-08,28.4,29.9,28.3,28.5,375023.0
SHEPHERD,2022-02-09,28.9,29.5,28.9,29.1,119646.0
SHEPHERD,2022-02-10,29.9,29.9,28.5,28.6,177227.0
SHEPHERD,2022-02-13,29.7,29.8,28.6,28.7,65414.0
SHEPHERD,2022-02-14,28.5,28.8,27.5,27.9,400406.0
SHEPHERD,2022-02-15,27.8,28.4,27.0,28.1,529980.0
SHEPHERD,2022-02-16,28.4,28.6,28.1,28.2,115842.0
SHEPHERD,2022-02-17,28.9,29.1,27.5,28.0,82842.0
SHEPHERD,2022-02-20,27.6,28.2,27.6,27.7,92917.0
SHEPHERD,2022-02-22,27.5,28.2,27.5,28.0,164453.0
SHEPHERD,2022-02-23,28.0,28.2,27.7,28.0,74426.0
SHEPHERD,2022-02-24,28.0,28.4,27.7,27.9,114044.0
SHEPHERD,2022-02-27,27.3,28.0,26.6,27.8,131402.0
SHEPHERD,2022-03-01,28.0,28.0,26.9,27.2,88074.0
SHEPHERD,2022-03-02,26.8,27.3,26.7,27.1,79311.0
SHEPHERD,2022-03-03,26.9,27.9,26.7,27.7,261014.0
SHEPHERD,2022-03-06,27.3,28.0,27.3,27.8,185593.0
SHEPHERD,2022-03-07,27.5,27.6,26.8,27.2,216947.0
SHEPHERD,2022-03-08,27.3,27.4,26.5,27.0,85112.0
SHEPHERD,2022-03-09,27.8,28.2,27.0,27.9,100395.0
SHEPHERD,2022-03-10,28.2,30.2,27.9,29.9,794218.0
SHEPHERD,2022-03-13,30.0,30.6,29.7,29.9,748782.0
SHEPHERD,2022-03-14,29.8,30.0,29.4,29.8,812033.0
SHEPHERD,2022-03-15,30.4,30.4,29.3,29.6,323023.0
SHEPHERD,2022-03-16,29.5,29.8,29.1,29.1,160540.0
SHEPHERD,2022-03-20,29.4,29.5,28.6,28.7,196657.0
SHEPHERD,2022-03-21,28.3,28.7,28.2,28.2,75127.0
SHEPHERD,2022-03-22,28.8,28.8,27.7,28.2,154048.0
SHEPHERD,2022-03-23,28.3,28.9,27.7,27.9,430872.0
SHEPHERD,2022-03-24,27.5,28.5,27.4,27.5,122159.0
SHEPHERD,2022-03-27,28.1,28.3,27.0,27.1,46462.0
SHEPHERD,2022-03-28,27.3,28.8,27.3,28.4,337725.0
SHEPHERD,2022-03-29,28.4,29.4,28.0,29.1,736169.0
SHEPHERD,2022-03-30,29.4,30.1,28.6,28.9,942654.0
SHEPHERD,2022-03-31,29.0,29.8,28.9,29.5,706851.0
SHEPHERD,2022-04-03,30.0,30.6,29.4,30.0,2653764.0
SHEPHERD,2022-04-04,30.2,30.2,29.4,29.7,961454.0
SHEPHERD,2022-04-05,29.5,29.5,29.2,29.2,127462.0
SHEPHERD,2022-04-06,29.7,29.7,28.7,28.7,235431.0
SHEPHERD,2022-04-07,28.3,28.7,28.2,28.6,223332.0
SHEPHERD,2022-04-10,28.1,29.0,28.1,28.7,321864.0
SHEPHERD,2022-04-11,28.7,29.0,28.2,28.6,770679.0
SHEPHERD,2022-04-12,28.8,28.8,28.1,28.2,297524.0
SHEPHERD,2022-04-13,28.2,28.4,27.7,28.0,99102.0
SHEPHERD,2022-04-17,28.0,28.2,27.5,27.5,183639.0
SHEPHERD,2022-04-18,28.0,28.1,27.0,27.0,848157.0
SHEPHERD,2022-04-19,26.6,27.4,26.5,26.7,219121.0
SHEPHERD,2022-04-20,27.4,27.5,27.1,27.4,518382.0
SHEPHERD,2022-04-21,27.8,28.4,27.6,28.2,831111.0
SHEPHERD,2022-04-24,28.2,28.5,27.1,27.5,509977.0
SHEPHERD,2022-04-25,27.9,27.9,26.8,27.1,270798.0
SHEPHERD,2022-04-26,27.1,27.9,27.0,27.6,160956.0
SHEPHERD,2022-04-27,28.3,28.8,27.8,28.6,823246.0
SHEPHERD,2022-04-28,27.9,28.9,27.8,28.3,252083.0
SHEPHERD,2022-05-05,28.3,28.5,28.0,28.3,188461.0
SHEPHERD,2022-05-08,28.4,28.9,28.3,28.6,441562.0
SHEPHERD,2022-05-09,28.6,29.6,28.6,29.0,555671.0
SHEPHERD,2022-05-10,29.5,30.1,28.9,29.2,2629414.0
SHEPHERD,2022-05-11,29.4,29.5,28.2,28.6,864464.0
SHEPHERD,2022-05-12,28.6,28.7,27.9,28.3,423214.0
SHEPHERD,2022-05-16,28.1,28.4,26.9,27.2,457055.0
SHEPHERD,2022-05-17,27.9,27.9,26.0,27.1,342905.0
SHEPHERD,2022-05-18,27.8,27.8,26.5,26.8,378630.0
SHEPHERD,2022-05-19,26.3,27.2,26.2,26.6,230481.0
SHEPHERD,2022-05-22,27.2,27.2,25.9,26.0,206036.0
SHEPHERD,2022-05-23,27.9,27.9,26.6,26.8,235480.0
SHEPHERD,2022-05-24,27.4,27.7,25.6,26.4,674280.0
SHEPHERD,2022-05-25,26.0,26.9,26.0,26.3,101492.0
SHEPHERD,2022-05-26,26.9,26.9,26.0,26.4,126244.0
SHEPHERD,2022-05-29,27.3,27.3,26.8,27.2,615477.0
SHEPHERD,2022-05-30,27.6,27.6,26.8,26.9,217393.0
SHEPHERD,2022-05-31,27.0,27.6,26.6,27.4,294538.0
SHEPHERD,2022-06-01,28.0,28.4,27.4,28.1,468501.0
SHEPHERD,2022-06-02,28.9,30.9,28.0,29.7,7933391.0
SHEPHERD,2022-06-05,29.7,30.3,29.2,29.4,6823680.0
SHEPHERD,2022-06-06,29.7,29.7,28.9,28.9,500473.0
SHEPHERD,2022-06-07,28.4,28.4,28.4,28.4,31774.0
SHEPHERD,2022-06-08,27.9,28.5,27.9,27.9,1183766.0
SHEPHERD,2022-06-09,27.7,28.7,27.4,27.4,1116769.0
SHEPHERD,2022-06-12,26.9,27.4,26.9,26.9,884783.0
SHEPHERD,2022-06-13,26.4,27.5,26.4,26.6,1048825.0
SHEPHERD,2022-06-14,27.2,27.3,26.4,26.5,947285.0
SHEPHERD,2022-06-15,26.8,27.6,26.5,26.7,991976.0
SHEPHERD,2022-06-16,27.0,27.2,26.4,26.5,1307607.0
SHEPHERD,2022-06-19,26.7,26.8,26.2,26.3,459318.0
SHEPHERD,2022-06-20,26.3,26.3,26.0,26.1,460938.0
SHEPHERD,2022-06-21,26.7,26.7,25.6,25.7,299706.0
SHEPHERD,2022-06-22,25.9,26.3,25.7,25.8,416889.0
SHEPHERD,2022-06-23,26.4,26.6,25.9,26.2,391294.0
SHEPHERD,2022-06-26,27.0,27.0,25.9,25.9,297218.0
SHEPHERD,2022-06-27,26.3,26.6,26.0,26.4,370297.0
SHEPHERD,2022-06-28,26.8,26.8,26.3,26.4,467079.0
SHEPHERD,2022-06-29,26.8,26.8,25.9,26.0,555991.0
SHEPHERD,2022-06-30,26.5,26.8,26.2,26.4,679316.0
SHEPHERD,2022-07-03,26.8,27.0,26.4,26.5,380893.0
SHEPHERD,2022-07-04,26.7,27.4,26.5,27.3,708386.0
SHEPHERD,2022-07-05,27.4,27.6,26.8,26.8,661794.0
SHEPHERD,2022-07-06,26.6,26.7,26.3,26.5,427649.0
SHEPHERD,2022-07-07,26.4,27.0,26.4,26.8,472225.0
SHEPHERD,2022-07-12,26.8,27.2,26.7,27.1,704860.0
SHEPHERD,2022-07-13,27.2,27.2,26.6,26.6,472330.0
SHEPHERD,2022-07-14,26.5,26.6,26.2,26.4,231818.0
SHEPHERD,2022-07-17,26.4,26.6,26.0,26.0,277914.0
SHEPHERD,2022-07-18,26.1,26.3,25.5,25.5,369717.0
SHEPHERD,2022-07-19,25.1,25.1,25.0,25.0,128934.0
SHEPHERD,2022-07-20,24.5,26.0,24.5,24.6,366787.0
SHEPHERD,2022-07-21,25.4,25.4,24.2,24.2,324182.0
SHEPHERD,2022-07-24,24.0,24.0,23.8,23.8,117759.0
SHEPHERD,2022-07-25,23.4,24.7,23.4,24.5,311582.0
SHEPHERD,2022-07-26,25.1,25.3,24.2,24.3,391607.0
SHEPHERD,2022-07-27,24.1,24.1,23.9,23.9,195334.0
SHEPHERD,2022-07-28,23.5,23.9,23.5,23.5,199226.0
SHEPHERD,2022-07-31,24.0,24.3,24.0,24.1,165208.0
SHEPHERD,2022-08-01,24.4,26.2,24.4,26.0,1108204.0
SHEPHERD,2022-08-02,25.8,26.7,25.8,26.0,578456.0
SHEPHERD,2022-08-03,26.3,26.5,25.9,26.3,911594.0
SHEPHERD,2022-08-04,26.2,27.0,26.0,26.6,1086264.0
SHEPHERD,2022-08-07,26.6,27.7,26.6,27.4,1760660.0
SHEPHERD,2022-08-08,27.7,28.5,27.1,27.8,1475532.0
SHEPHERD,2022-08-10,27.9,28.0,25.9,26.4,754235.0
SHEPHERD,2022-08-11,26.6,26.6,25.2,25.8,353252.0
SHEPHERD,2022-08-14,27.2,27.2,26.0,26.4,167963.0
SHEPHERD,2022-08-16,26.5,27.2,26.5,27.0,320439.0
SHEPHERD,2022-08-17,27.4,27.5,26.2,26.4,351675.0
SHEPHERD,2022-08-21,26.9,27.4,26.8,27.2,693836.0
SHEPHERD,2022-08-22,27.0,27.5,26.7,27.1,798419.0
SHEPHERD,2022-08-23,27.5,27.5,25.6,25.9,552887.0
SHEPHERD,2022-08-24,26.0,26.2,25.0,25.1,629620.0
SHEPHERD,2022-08-25,26.0,26.1,25.1,25.3,513205.0
SHEPHERD,2022-08-28,26.0,26.0,24.8,25.1,1075840.0
SHEPHERD,2022-08-29,25.3,25.7,25.2,25.5,400800.0
SHEPHERD,2022-08-30,26.0,26.4,25.7,26.3,892066.0
SHEPHERD,2022-08-31,27.2,27.2,26.3,26.4,755593.0
SHEPHERD,2022-09-01,26.8,26.8,25.6,25.9,740263.0
SHEPHERD,2022-09-04,26.5,26.5,24.9,25.1,761602.0
SHEPHERD,2022-09-05,25.2,25.5,24.9,25.1,170877.0
SHEPHERD,2022-09-06,26.1,26.1,24.7,24.9,392305.0
SHEPHERD,2022-09-07,25.3,25.3,24.6,24.7,497077.0
SHEPHERD,2022-09-08,25.7,25.7,24.1,24.3,448249.0
SHEPHERD,2022-09-11,24.3,24.8,24.1,24.2,213497.0
SHEPHERD,2022-09-12,24.2,25.3,24.2,25.1,452440.0
SHEPHERD,2022-09-13,25.8,25.8,24.8,25.0,245960.0
SHEPHERD,2022-09-14,25.4,25.4,24.0,24.1,512103.0
SHEPHERD,2022-09-15,24.1,24.7,24.1,24.2,147398.0
SHEPHERD,2022-09-18,24.1,25.4,24.0,24.0,406954.0
SHEPHERD,2022-09-19,24.1,24.1,24.0,24.0,125478.0
SHEPHERD,2022-09-20,24.0,24.5,24.0,24.0,346827.0
SHEPHERD,2022-09-21,24.0,24.0,24.0,24.0,22307.0
SHEPHERD,2022-09-22,24.0,24.0,24.0,24.0,20186.0
SHEPHERD,2022-09-25,24.0,24.4,24.0,24.0,257294.0
SHEPHERD,2022-09-26,24.0,24.0,24.0,24.0,16118.0
SHEPHERD,2022-09-27,24.0,24.0,24.0,24.0,50179.0
SHEPHERD,2022-09-28,24.0,24.0,24.0,24.0,10019.0
SHEPHERD,2022-09-29,24.0,24.0,24.0,24.0,43924.0
SHEPHERD,2022-10-02,24.0,24.5,24.0,24.0,253248.0
SHEPHERD,2022-10-03,24.0,24.0,24.0,24.0,88271.0
SHEPHERD,2022-10-04,24.0,24.0,24.0,24.0,12631.0
SHEPHERD,2022-10-06,24.0,24.0,24.0,24.0,630.0
SHEPHERD,2022-10-10,24.0,24.0,24.0,24.0,731.0
SHEPHERD,2022-10-12,24.0,24.0,24.0,24.0,756.0
SHEPHERD,2022-10-13,24.0,24.0,24.0,24.0,7680.0
SHEPHERD,2022-10-16,24.0,24.2,24.0,24.0,246955.0
SHEPHERD,2022-10-17,24.0,24.0,24.0,24.0,118570.0
SHEPHERD,2022-10-18,24.0,24.0,24.0,24.0,1594.0
SHEPHERD,2022-10-19,24.0,24.0,24.0,24.0,3600.0
SHEPHERD,2022-10-20,24.0,24.0,24.0,24.0,95.0
SHEPHERD,2022-10-23,24.0,24.0,24.0,24.0,108.0
SHEPHERD,2022-10-24,24.0,24.0,24.0,24.0,488.0
SHEPHERD,2022-10-25,24.0,24.0,24.0,24.0,512.0
SHEPHERD,2022-10-26,24.0,24.0,24.0,24.0,5001.0
SHEPHERD,2022-10-30,24.0,24.0,24.0,24.0,5360.0
SHEPHERD,2022-10-31,24.0,24.0,24.0,24.0,1300.0
SHEPHERD,2022-11-01,24.0,24.0,24.0,24.0,1101.0
SHEPHERD,2022-11-02,24.0,24.0,24.0,24.0,1492.0
SHEPHERD,2022-11-03,24.0,24.0,24.0,24.0,3450.0
SHEPHERD,2022-11-06,24.0,24.0,24.0,24.0,2034.0
SHEPHERD,2022-11-07,24.0,24.0,24.0,24.0,520.0
SHEPHERD,2022-11-08,24.0,24.0,24.0,24.0,1432.0
SHEPHERD,2022-11-09,24.0,24.0,24.0,24.0,312.0
SHEPHERD,2022-11-10,24.0,24.0,24.0,24.0,1000.0
SHEPHERD,2022-11-15,24.0,24.0,24.0,24.0,110.0
SHEPHERD,2022-11-16,24.0,24.0,24.0,24.0,8120.0
SHEPHERD,2022-11-17,24.0,24.0,24.0,24.0,11.0
SHEPHERD,2022-11-22,24.0,24.0,24.0,24.0,1.0
SHEPHERD,2022-11-24,24.0,24.0,24.0,24.0,7.0
SHEPHERD,2022-12-05,24.0,24.0,24.0,24.0,1000.0
SHEPHERD,2022-12-06,24.0,24.0,24.0,24.0,100.0
SHEPHERD,2022-12-13,24.0,24.0,24.0,24.0,5.0
SHEPHERD,2022-12-14,24.0,24.0,24.0,24.0,10.0
SHEPHERD,2022-12-20,24.0,24.0,24.0,24.0,2900.0
SHEPHERD,2022-12-28,24.0,24.0,24.0,24.0,2000.0
SHEPHERD,2022-12-29,24.0,24.0,24.0,24.0,200.0
SHEPHERD,2023-01-02,24.0,24.0,24.0,24.0,40.0
SHEPHERD,2023-01-10,24.0,24.0,24.0,24.0,4050.0
SHEPHERD,2023-01-11,24.0,24.0,24.0,24.0,135200.0
SHEPHERD,2023-01-15,24.0,24.0,24.0,24.0,200.0
SHEPHERD,2023-01-16,24.0,24.0,24.0,24.0,2.0
SHEPHERD,2023-01-17,24.0,24.0,24.0,24.0,1500.0
SHEPHERD,2023-01-18,24.0,24.0,24.0,24.0,1.0
SHEPHERD,2023-01-19,24.0,24.0,24.0,24.0,2.0
SHEPHERD,2023-01-22,24.0,24.0,24.0,24.0,1.0
SHEPHERD,2023-01-24,24.0,24.0,24.0,24.0,4.0
SHEPHERD,2023-01-31,24.0,24.0,24.0,24.0,1.0
SHEPHERD,2023-02-02,24.0,24.0,24.0,24.0,100.0
SHEPHERD,2023-02-05,24.0,24.0,24.0,24.0,20.0
SHEPHERD,2023-02-06,24.0,24.0,24.0,24.0,6000.0
SHEPHERD,2023-02-12,24.0,24.0,24.0,24.0,60.0
SHEPHERD,2023-02-16,24.0,24.0,24.0,24.0,95.0
SHEPHERD,2023-02-20,24.0,24.0,24.0,24.0,20.0
SHEPHERD,2023-02-22,24.0,24.0,24.0,24.0,1.0
SHEPHERD,2023-03-06,24.0,24.0,24.0,24.0,9.0
SHEPHERD,2023-03-07,24.0,24.0,24.0,24.0,5.0
SHEPHERD,2023-03-09,24.0,24.0,24.0,24.0,20.0
SHEPHERD,2023-03-12,24.0,24.0,24.0,24.0,1.0
SHEPHERD,2023-03-19,24.0,24.0,24.0,24.0,1.0
SHEPHERD,2023-03-23,24.0,24.0,24.0,24.0,1990.0
SHEPHERD,2023-03-30,24.0,24.0,24.0,24.0,180.0
SHEPHERD,2023-04-17,24.0,24.0,24.0,24.0,100.0
SHEPHERD,2023-04-18,24.0,24.0,24.0,24.0,500.0
SHEPHERD,2023-04-24,24.0,24.0,24.0,24.0,115.0
SHEPHERD,2023-04-24,24.0,24.0,24.0,24.0,115.0
SHEPHERD,2023-04-26,24.0,24.0,24.0,24.0,1.0
SHEPHERD,2023-04-26,24.0,24.0,24.0,24.0,1.0
SHEPHERD,2023-04-27,24.0,24.0,24.0,24.0,1.0
SHEPHERD,2023-04-27,24.0,24.0,24.0,24.0,1.0
SHEPHERD,2023-05-02,24.0,24.0,24.0,24.0,400.0
SHEPHERD,2023-05-03,24.0,24.0,24.0,24.0,250.0
SHEPHERD,2023-05-08,24.0,24.0,24.0,24.0,20.0
SHEPHERD,2023-05-09,24.0,24.0,24.0,24.0,40.0
SHEPHERD,2023-05-11,24.0,24.0,24.0,24.0,10.0
SHEPHERD,2023-05-14,24.0,24.0,24.0,24.0,10.0
SHEPHERD,2023-05-16,24.0,24.0,24.0,24.0,301.0
SHEPHERD,2023-05-17,24.0,24.0,24.0,24.0,1.0
SHEPHERD,2023-05-18,24.0,24.0,24.0,24.0,275.0
SHEPHERD,2023-05-21,24.0,24.0,24.0,24.0,3.0
SHEPHERD,2023-05-22,24.0,24.0,24.0,24.0,617.0
SHEPHERD,2023-05-23,24.0,24.0,24.0,24.0,1079.0
SHEPHERD,2023-05-25,24.0,24.0,24.0,24.0,2.0
SHEPHERD,2023-05-28,24.0,24.0,24.0,24.0,77.0
SHEPHERD,2023-05-29,24.0,24.0,24.0,24.0,1.0
SHEPHERD,2023-05-30,24.0,24.0,24.0,24.0,100.0
SHEPHERD,2023-05-31,24.0,24.0,24.0,24.0,4018.0
SHEPHERD,2023-06-01,24.0,24.0,24.0,24.0,188.0
SHEPHERD,2023-06-04,24.0,24.0,24.0,24.0,12050.0
SHEPHERD,2023-06-05,24.0,24.0,24.0,24.0,6.0
SHEPHERD,2023-06-06,24.0,24.0,24.0,24.0,8.0
SHEPHERD,2023-06-07,24.0,24.0,24.0,24.0,20.0
SHEPHERD,2023-06-08,24.0,24.0,24.0,24.0,252.0
SHEPHERD,2023-06-11,24.0,24.0,24.0,24.0,11.0
SHEPHERD,2023-06-12,24.0,24.0,24.0,24.0,1.0
SHEPHERD,2023-06-15,24.0,24.0,24.0,24.0,14.0
SHEPHERD,2023-06-18,24.0,24.0,24.0,24.0,135.0
SHEPHERD,2023-06-19,24.0,24.0,24.0,24.0,2.0
SHEPHERD,2023-06-20,24.0,24.0,24.0,24.0,1.0
SHEPHERD,2023-06-22,24.0,24.0,24.0,24.0,30.0
SHEPHERD,2023-06-25,24.0,24.0,24.0,24.0,510.0
SHEPHERD,2023-06-26,24.0,24.0,24.0,24.0,20.0
SHEPHERD,2023-07-02,24.0,24.0,24.0,24.0,1010.0
SHEPHERD,2023-07-03,24.0,24.0,24.0,24.0,8656.0
SHEPHERD,2023-07-04,24.0,24.0,24.0,24.0,90.0
SHEPHERD,2023-07-05,24.0,24.0,24.0,24.0,13212.0
SHEPHERD,2023-07-06,24.0,24.7,24.0,24.0,1594668.0
SHEPHERD,2023-07-09,24.0,24.0,24.0,24.0,325416.0
SHEPHERD,2023-07-10,24.0,24.0,24.0,24.0,15746.0
SHEPHERD,2023-07-11,24.0,24.0,24.0,24.0,1501.0
SHEPHERD,2023-07-12,24.0,24.0,24.0,24.0,6.0
SHEPHERD,2023-07-13,24.0,24.0,24.0,24.0,100.0
SHEPHERD,2023-07-16,24.0,24.0,24.0,24.0,2645.0
SHEPHERD,2023-07-17,24.0,24.0,24.0,24.0,5886.0
SHEPHERD,2023-07-18,24.0,24.0,24.0,24.0,2283.0
SHEPHERD,2023-07-19,24.0,24.0,24.0,24.0,101.0
SHEPHERD,2023-07-20,24.0,24.0,24.0,24.0,617.0
SHEPHERD,2023-07-23,24.0,24.0,24.0,24.0,1.0
SHEPHERD,2023-07-24,24.0,24.0,24.0,24.0,2.0
SHEPHERD,2023-07-25,24.0,24.0,24.0,24.0,2.0
SHEPHERD,2023-07-26,24.0,24.0,24.0,24.0,450.0
SHEPHERD,2023-07-27,24.0,24.0,24.0,24.0,80.0
SHEPHERD,2023-07-30,24.0,24.0,24.0,24.0,15.0
SHEPHERD,2023-08-02,24.0,24.0,24.0,24.0,1.0
SHEPHERD,2023-08-03,24.0,24.0,24.0,24.0,1.0
SHEPHERD,2023-08-07,24.0,24.0,24.0,24.0,20.0
SHEPHERD,2023-08-09,24.0,24.0,24.0,24.0,600.0
SHEPHERD,2023-08-14,24.0,24.0,24.0,24.0,1.0
SHEPHERD,2023-08-22,24.0,24.0,24.0,24.0,11.0
SHEPHERD,2023-08-24,24.0,24.0,24.0,24.0,1.0
SHEPHERD,2023-08-28,24.0,24.0,24.0,24.0,100.0
SHEPHERD,2023-08-31,24.0,24.0,24.0,24.0,2.0
SHEPHERD,2023-09-03,24.0,24.0,24.0,24.0,401.0
SHEPHERD,2023-09-05,24.0,24.0,24.0,24.0,10.0
SHEPHERD,2023-09-18,24.0,24.0,24.0,24.0,50.0
SHEPHERD,2023-09-21,24.0,24.0,24.0,24.0,5.0
SHEPHERD,2023-09-25,24.0,24.0,24.0,24.0,53.0
SHEPHERD,2023-10-10,24.0,24.0,24.0,24.0,1.0
SHEPHERD,2023-10-16,24.0,24.0,24.0,24.0,5.0
SHEPHERD,2023-10-17,24.0,24.0,24.0,24.0,5.0
SHEPHERD,2023-10-19,24.0,24.0,24.0,24.0,6.0
SHEPHERD,2023-10-22,24.0,24.0,24.0,24.0,155.0
SHEPHERD,2023-10-23,24.0,24.0,24.0,24.0,505.0
SHEPHERD,2023-10-25,24.0,24.0,24.0,24.0,2.0
SHEPHERD,2023-10-26,24.0,24.0,24.0,24.0,2.0
SHEPHERD,2023-10-29,24.0,24.0,24.0,24.0,2.0
SHEPHERD,2023-11-06,24.0,24.0,24.0,24.0,5.0
SHEPHERD,2023-11-07,24.0,24.0,24.0,24.0,5.0
SHEPHERD,2023-11-08,24.0,24.0,24.0,24.0,1002.0
SHEPHERD,2023-11-16,24.0,24.0,24.0,24.0,30.0
SHEPHERD,2023-11-21,24.0,24.0,24.0,24.0,10.0
SHEPHERD,2023-11-22,24.0,24.0,24.0,24.0,2.0
SHEPHERD,2023-11-26,24.0,24.0,24.0,24.0,10.0
SHEPHERD,2023-12-11,24.0,24.0,24.0,24.0,95.0
SHEPHERD,2023-12-13,24.0,24.0,24.0,24.0,20.0
SHEPHERD,2023-12-14,24.0,24.0,24.0,24.0,10.0
SHEPHERD,2023-12-17,24.0,24.0,24.0,24.0,431.0
SHEPHERD,2023-12-18,24.0,24.0,24.0,24.0,5.0
SHEPHERD,2023-12-19,24.0,24.0,24.0,24.0,21.0
SHEPHERD,2023-12-21,24.0,24.0,24.0,24.0,1.0
SHEPHERD,2023-12-27,24.0,24.0,24.0,24.0,188.0
SHEPHERD,2024-01-08,24.0,24.0,24.0,24.0,2.0
SHEPHERD,2024-01-10,24.0,24.0,24.0,24.0,1.0
SHEPHERD,2024-01-21,21.6,21.6,21.6,21.6,113.0
SHEPHERD,2024-01-22,19.5,19.5,19.5,19.5,5309.0
SHEPHERD,2024-01-23,17.6,18.0,17.6,17.8,1065614.0
SHEPHERD,2024-01-24,17.8,18.3,16.8,16.9,252769.0
SHEPHERD,2024-01-25,17.4,17.4,15.4,15.8,385000.0
SHEPHERD,2024-01-28,16.4,16.5,14.5,14.9,145270.0
SHEPHERD,2024-01-29,15.1,15.4,14.5,15.1,111937.0
SHEPHERD,2024-01-30,15.2,15.9,14.7,15.2,320616.0
SHEPHERD,2024-01-31,15.2,15.2,14.8,14.9,202924.0
SHEPHERD,2024-02-01,15.2,15.7,14.9,15.6,163863.0
SHEPHERD,2024-02-04,15.3,17.1,15.3,16.8,372868.0
SHEPHERD,2024-02-05,16.8,18.4,16.6,18.3,774574.0
SHEPHERD,2024-02-06,18.3,19.9,18.3,19.3,605796.0
SHEPHERD,2024-02-07,19.5,20.2,18.8,19.2,554334.0
SHEPHERD,2024-02-08,19.5,19.8,18.2,18.5,377784.0
SHEPHERD,2024-02-11,18.5,19.0,17.9,18.1,211718.0
SHEPHERD,2024-02-12,18.5,18.8,17.7,17.8,210538.0
SHEPHERD,2024-02-13,18.4,18.4,17.2,17.5,228568.0
SHEPHERD,2024-02-14,17.8,17.8,17.0,17.2,144567.0
SHEPHERD,2024-02-15,17.2,18.2,17.2,17.6,165282.0
SHEPHERD,2024-02-18,17.8,18.0,17.5,17.7,55941.0
SHEPHERD,2024-02-19,18.0,18.0,17.5,17.6,77610.0
SHEPHERD,2024-02-20,17.9,18.2,17.3,17.8,252609.0
SHEPHERD,2024-02-22,18.1,19.5,18.0,19.0,717925.0
SHEPHERD,2024-02-25,19.4,19.5,18.1,18.2,277870.0
SHEPHERD,2024-02-27,18.5,18.5,17.6,17.8,174422.0
SHEPHERD,2024-02-28,18.0,18.3,17.6,17.6,137325.0
SHEPHERD,2024-02-29,18.1,18.6,17.6,17.7,226840.0
SHEPHERD,2024-03-03,18.1,18.2,17.6,18.0,85441.0
SHEPHERD,2024-03-04,17.6,17.9,17.2,17.4,72671.0
SHEPHERD,2024-03-05,17.5,17.8,17.3,17.3,33961.0
SHEPHERD,2024-03-06,17.5,17.8,17.0,17.2,187041.0
SHEPHERD,2024-03-07,17.5,17.5,16.8,16.9,35288.0
SHEPHERD,2024-03-10,17.0,17.3,15.8,16.2,64632.0
SHEPHERD,2024-03-11,17.0,17.5,16.1,17.2,115281.0
SHEPHERD,2024-03-12,17.6,17.6,16.4,16.5,72122.0
SHEPHERD,2024-03-13,16.0,16.9,15.9,16.5,53640.0
SHEPHERD,2024-03-14,16.8,16.8,16.1,16.2,48667.0
SHEPHERD,2024-03-18,16.6,16.6,16.0,16.1,68228.0
SHEPHERD,2024-03-19,15.6,16.2,15.6,16.0,31767.0
SHEPHERD,2024-03-20,16.2,16.5,16.0,16.4,76574.0
SHEPHERD,2024-03-21,16.4,16.6,16.3,16.3,129543.0
SHEPHERD,2024-03-24,16.3,16.4,15.6,15.7,59308.0
SHEPHERD,2024-03-25,15.7,15.7,14.6,14.9,42642.0
SHEPHERD,2024-03-27,15.2,15.2,14.2,14.3,56225.0
SHEPHERD,2024-03-28,14.0,14.5,13.8,14.0,87928.0
SHEPHERD,2024-03-31,14.5,14.9,14.1,14.5,84959.0
SHEPHERD,2024-04-01,14.6,14.6,14.0,14.1,54609.0
SHEPHERD,2024-04-02,14.1,14.1,13.7,13.8,62053.0
SHEPHERD,2024-04-03,14.4,14.4,13.8,14.3,67134.0
SHEPHERD,2024-04-04,14.1,15.1,14.1,14.9,275910.0
SHEPHERD,2024-04-08,14.8,15.3,14.8,15.3,79744.0
SHEPHERD,2024-04-09,15.1,15.2,14.5,14.6,98266.0
SHEPHERD,2024-04-15,14.8,14.8,14.0,14.1,153641.0
SHEPHERD,2024-04-16,14.1,14.4,13.2,14.1,139968.0
SHEPHERD,2024-04-17,14.3,14.5,14.1,14.1,60237.0
SHEPHERD,2024-04-18,14.0,14.0,13.4,13.5,90928.0
SHEPHERD,2024-04-21,13.9,13.9,13.5,13.5,119950.0
SHEPHERD,2024-04-22,13.9,13.9,13.5,13.7,25099.0
SHEPHERD,2024-04-23,13.9,14.1,13.5,13.6,66774.0
SHEPHERD,2024-04-24,13.5,13.7,12.7,12.8,179712.0
SHEPHERD,2024-04-25,12.6,12.8,12.5,12.5,191334.0
SHEPHERD,2024-04-28,12.5,13.2,12.3,12.8,53431.0
SHEPHERD,2024-04-29,13.2,13.2,12.7,12.8,57191.0
SHEPHERD,2024-04-30,12.5,12.7,12.5,12.6,87099.0
SHEPHERD,2024-05-02,12.8,12.8,12.3,12.4,91121.0
SHEPHERD,2024-05-05,12.6,12.9,12.4,12.8,112329.0
SHEPHERD,2024-05-06,12.8,13.8,12.8,13.5,147163.0
SHEPHERD,2024-05-07,13.7,13.7,13.1,13.2,178843.0
SHEPHERD,2024-05-08,13.0,13.5,12.9,13.1,126129.0
SHEPHERD,2024-05-09,13.0,13.3,13.0,13.1,118842.0
SHEPHERD,2024-05-12,13.2,13.5,13.0,13.4,75157.0
SHEPHERD,2024-05-13,13.6,14.1,13.5,13.7,283126.0
SHEPHERD,2024-05-14,13.6,14.0,13.5,13.6,299031.0
SHEPHERD,2024-05-15,13.5,13.7,13.3,13.6,240490.0
SHEPHERD,2024-05-16,13.8,13.9,13.5,13.9,72384.0
SHEPHERD,2024-05-19,14.1,15.2,13.8,15.2,520603.0
SHEPHERD,2024-05-20,16.7,16.7,15.7,16.4,1207106.0
SHEPHERD,2024-05-21,16.4,16.4,16.0,16.0,395532.0
SHEPHERD,2024-05-23,15.6,15.6,15.6,15.6,3090.0
SHEPHERD,2024-05-26,15.2,15.2,15.2,15.2,7453.0
SHEPHERD,2024-05-27,14.8,14.8,14.8,14.8,57313.0
SHEPHERD,2024-05-28,14.4,15.0,14.4,14.4,185019.0
SHEPHERD,2024-05-29,14.0,14.5,14.0,14.0,232164.0
SHEPHERD,2024-05-30,14.4,14.8,13.7,13.9,122870.0
SHEPHERD,2024-06-02,14.3,14.3,13.7,13.8,159856.0
SHEPHERD,2024-06-03,13.9,14.9,13.6,14.6,375837.0
SHEPHERD,2024-06-04,14.9,15.0,14.2,14.2,296148.0
SHEPHERD,2024-06-05,13.8,14.1,13.8,13.8,169843.0
SHEPHERD,2024-06-06,14.1,15.1,13.4,13.6,196545.0
SHEPHERD,2024-06-09,13.3,13.6,13.2,13.2,115929.0
SHEPHERD,2024-06-10,12.9,13.2,12.9,13.0,63455.0
SHEPHERD,2024-06-11,13.3,13.3,12.7,12.9,205987.0
SHEPHERD,2024-06-12,13.4,13.4,12.8,12.8,82427.0
SHEPHERD,2024-06-13,13.3,14.0,12.8,13.9,254537.0
SHEPHERD,2024-06-19,14.5,14.5,13.7,13.9,28608.0
SHEPHERD,2024-06-20,14.4,14.4,13.5,13.6,66953.0
SHEPHERD,2024-06-23,13.5,13.7,13.2,13.2,107994.0
SHEPHERD,2024-06-24,12.9,13.5,12.9,13.0,193577.0
SHEPHERD,2024-06-25,12.8,13.3,12.7,12.8,179166.0
SHEPHERD,2024-06-26,13.0,13.0,12.5,12.8,103513.0
SHEPHERD,2024-06-27,13.1,13.4,12.9,13.0,139881.0
SHEPHERD,2024-06-30,12.9,13.5,12.9,13.0,145578.0
SHEPHERD,2024-07-02,13.0,13.4,12.9,13.0,51255.0
SHEPHERD,2024-07-03,13.4,13.6,12.8,13.3,253227.0
SHEPHERD,2024-07-04,13.5,14.1,13.5,13.9,237223.0
SHEPHERD,2024-07-07,13.7,14.2,13.7,14.1,172933.0
SHEPHERD,2024-07-08,14.1,14.3,13.8,14.0,358399.0
SHEPHERD,2024-07-09,14.2,14.7,14.0,14.6,416748.0
SHEPHERD,2024-07-10,14.7,15.4,14.2,14.4,487992.0
SHEPHERD,2024-07-11,14.0,14.6,14.0,14.1,239995.0
SHEPHERD,2024-07-14,14.0,14.1,13.7,13.8,212401.0
SHEPHERD,2024-07-15,13.5,14.0,13.5,13.6,260999.0
SHEPHERD,2024-07-16,13.8,13.8,13.3,13.4,150936.0
SHEPHERD,2024-07-18,13.5,13.5,13.1,13.2,39909.0
SHEPHERD,2024-07-24,13.1,13.1,12.9,12.9,32463.0
SHEPHERD,2024-07-25,12.9,13.5,12.9,13.2,51350.0
SHEPHERD,2024-07-28,13.4,13.5,13.1,13.2,94061.0
SHEPHERD,2024-07-29,13.4,13.4,13.0,13.2,266923.0
SHEPHERD,2024-07-30,12.9,13.0,12.9,12.9,58429.0
SHEPHERD,2024-07-31,12.7,13.0,12.6,12.7,131161.0
SHEPHERD,2024-08-01,12.4,13.1,12.4,12.9,171092.0
SHEPHERD,2024-08-04,12.6,12.6,12.6,12.6,37797.0
SHEPHERD,2024-08-06,13.5,13.7,13.2,13.5,91491.0
SHEPHERD,2024-08-07,13.6,14.7,13.1,14.0,316147.0
SHEPHERD,2024-08-08,14.6,14.9,13.8,14.7,250002.0
SHEPHERD,2024-08-11,15.1,15.8,14.3,14.9,607086.0
SHEPHERD,2024-08-12,15.2,15.2,14.5,14.5,192022.0
SHEPHERD,2024-08-13,14.7,15.5,14.1,14.9,988423.0
SHEPHERD,2024-08-14,15.4,15.4,14.6,14.6,176683.0
SHEPHERD,2024-08-15,14.5,14.9,14.3,14.4,167659.0
SHEPHERD,2024-08-18,14.4,14.4,14.0,14.0,208887.0
SHEPHERD,2024-08-19,14.0,14.3,13.8,13.9,96436.0
SHEPHERD,2024-08-20,14.3,14.3,13.5,13.8,171016.0
SHEPHERD,2024-08-21,13.7,13.7,13.4,13.5,188347.0
SHEPHERD,2024-08-22,13.1,13.9,13.1,13.9,103029.0
SHEPHERD,2024-08-25,13.6,14.0,13.5,13.7,145153.0
SHEPHERD,2024-08-27,13.9,14.2,13.8,14.0,96745.0
SHEPHERD,2024-08-28,14.2,14.2,14.0,14.1,22167.0
SHEPHERD,2024-08-29,14.5,14.5,13.9,14.1,148108.0
SHEPHERD,2024-09-01,14.4,14.4,14.0,14.3,76520.0
SHEPHERD,2024-09-02,14.4,14.9,14.2,14.5,302675.0
SHEPHERD,2024-09-03,14.4,14.6,14.2,14.5,133523.0
SHEPHERD,2024-09-04,14.9,14.9,14.0,14.1,114565.0
SHEPHERD,2024-09-05,14.3,14.5,14.0,14.2,125639.0
SHEPHERD,2024-09-08,14.0,14.5,14.0,14.2,185830.0
SHEPHERD,2024-09-09,14.0,14.3,14.0,14.0,45641.0
SHEPHERD,2024-09-10,13.9,14.4,13.9,14.2,51003.0
SHEPHERD,2024-09-11,14.4,14.4,14.2,14.2,46375.0
SHEPHERD,2024-09-12,14.1,14.4,14.1,14.2,95991.0
SHEPHERD,2024-09-15,14.4,15.1,14.2,14.8,187084.0
SHEPHERD,2024-09-17,15.0,15.1,14.5,14.9,144681.0
SHEPHERD,2024-09-18,15.1,15.1,14.5,14.6,45508.0
SHEPHERD,2024-09-19,14.4,14.7,14.4,14.4,19710.0
SHEPHERD,2024-09-22,14.5,14.8,14.5,14.5,124828.0
SHEPHERD,2024-09-23,14.5,14.8,14.5,14.7,166965.0
SHEPHERD,2024-09-24,14.5,14.8,14.4,14.4,112492.0
SHEPHERD,2024-09-25,14.4,15.2,14.1,14.8,788598.0
SHEPHERD,2024-09-26,14.0,14.0,13.4,13.5,305142.0
SHEPHERD,2024-09-29,13.2,14.6,13.2,13.3,74063.0
SHEPHERD,2024-09-30,14.0,14.4,13.3,14.2,107894.0
SHEPHERD,2024-10-01,14.4,14.7,13.7,13.8,53525.0
SHEPHERD,2024-10-02,13.6,14.7,13.6,14.6,220826.0
SHEPHERD,2024-10-03,14.1,14.7,14.1,14.4,106007.0
SHEPHERD,2024-10-06,14.9,14.9,14.5,14.6,108611.0
SHEPHERD,2024-10-07,14.0,14.9,14.0,14.4,12871.0
SHEPHERD,2024-10-08,14.7,14.7,13.8,13.8,62052.0
SHEPHERD,2024-10-09,14.4,14.8,14.1,14.5,811267.0
SHEPHERD,2024-10-14,14.7,14.9,14.4,14.8,87172.0
SHEPHERD,2024-10-15,14.9,14.9,14.5,14.5,29073.0
SHEPHERD,2024-10-16,14.4,14.4,14.0,14.1,47337.0
SHEPHERD,2024-10-17,13.9,14.1,13.9,14.0,69705.0
SHEPHERD,2024-10-20,13.9,14.5,13.6,13.7,34389.0
SHEPHERD,2024-10-21,14.9,14.9,13.5,13.9,9905.0
SHEPHERD,2024-10-22,14.7,14.9,14.5,14.6,230755.0
SHEPHERD,2024-10-23,14.7,15.2,14.1,14.4,30970.0
SHEPHERD,2024-10-24,14.7,14.7,13.1,13.5,73722.0
SHEPHERD,2024-10-27,13.5,14.0,12.3,13.0,29413.0
SHEPHERD,2024-10-28,12.9,13.5,12.7,12.9,24722.0
SHEPHERD,2024-10-29,13.2,13.2,12.5,12.8,60853.0
SHEPHERD,2024-10-30,13.2,13.5,13.2,13.3,39120.0
SHEPHERD,2024-10-31,13.3,14.6,13.3,14.2,104741.0
SHEPHERD,2024-11-03,13.9,14.7,13.7,14.0,58414.0
SHEPHERD,2024-11-04,14.1,14.6,13.5,13.6,59491.0
SHEPHERD,2024-11-05,13.6,14.0,13.6,13.8,80342.0
SHEPHERD,2024-11-06,13.2,13.8,13.2,13.7,52299.0
SHEPHERD,2024-11-07,13.5,13.8,13.4,13.8,36540.0
SHEPHERD,2024-11-10,13.4,13.7,13.2,13.6,58583.0
SHEPHERD,2024-11-11,13.5,14.9,13.5,14.9,1790473.0
SHEPHERD,2024-11-12,15.0,16.3,15.0,15.7,1970977.0
SHEPHERD,2024-11-13,15.8,16.0,14.8,15.4,970483.0
SHEPHERD,2024-11-14,15.0,15.5,14.9,15.1,496043.0
SHEPHERD,2024-11-17,15.5,16.6,15.5,15.7,932279.0
SHEPHERD,2024-11-18,15.5,15.8,15.4,15.7,503159.0
SHEPHERD,2024-11-20,15.8,16.9,15.7,15.9,2133502.0
SHEPHERD,2024-11-21,15.9,16.4,15.8,16.1,1116084.0
SHEPHERD,2024-11-24,15.9,16.2,15.4,15.5,835203.0
SHEPHERD,2024-11-25,15.5,16.0,15.4,15.8,410891.0
SHEPHERD,2024-11-26,16.1,16.1,15.6,15.6,208231.0
SHEPHERD,2024-11-27,15.4,16.2,15.4,15.9,728766.0
SHEPHERD,2024-11-28,15.5,16.2,15.5,15.6,311137.0
SHEPHERD,2024-12-01,15.6,15.8,15.3,15.6,554818.0
SHEPHERD,2024-12-02,15.7,16.5,15.7,16.1,2880803.0
SHEPHERD,2024-12-03,16.2,16.2,15.9,16.0,1367643.0
SHEPHERD,2024-12-04,16.0,16.1,15.6,15.7,1010493.0
SHEPHERD,2024-12-05,15.8,15.8,15.3,15.3,363374.0
SHEPHERD,2024-12-08,15.2,15.5,14.8,15.4,196844.0
SHEPHERD,2024-12-09,15.5,15.8,15.0,15.2,591734.0
SHEPHERD,2024-12-10,15.4,15.8,15.2,15.6,535235.0
SHEPHERD,2024-12-11,15.7,16.3,15.6,16.0,1993115.0
SHEPHERD,2024-12-12,16.1,16.4,15.7,16.2,882034.0
SHEPHERD,2024-12-15,16.4,16.4,15.8,15.9,682785.0
SHEPHERD,2024-12-17,16.1,16.1,15.4,15.6,621716.0
SHEPHERD,2024-12-18,15.8,15.8,15.2,15.3,300284.0
SHEPHERD,2024-12-19,15.7,15.8,15.3,15.5,363727.0
SHEPHERD,2024-12-22,15.5,15.5,14.9,15.0,282958.0
SHEPHERD,2024-12-23,15.3,15.3,14.8,14.9,197279.0
SHEPHERD,2024-12-24,15.1,15.1,14.7,14.8,333630.0
SHEPHERD,2024-12-26,14.7,15.0,14.6,14.8,89354.0
SHEPHERD,2024-12-29,14.8,14.9,14.6,14.7,184308.0
SHEPHERD,2024-12-30,14.9,15.4,14.8,15.1,515059.0
SHEPHERD,2025-01-01,15.3,15.3,14.6,14.7,681294.0
SHEPHERD,2025-01-02,15.0,15.0,14.5,14.6,241172.0
SHEPHERD,2025-01-05,14.9,14.9,14.2,14.3,170281.0
SHEPHERD,2025-01-06,14.8,14.8,14.2,14.3,151975.0
SHEPHERD,2025-01-07,14.8,14.9,14.5,14.6,475872.0
SHEPHERD,2025-01-08,14.3,14.8,14.3,14.3,132690.0
SHEPHERD,2025-01-09,14.4,14.6,14.1,14.2,352915.0
SHEPHERD,2025-01-12,14.5,14.5,14.1,14.1,155092.0
SHEPHERD,2025-01-13,14.1,14.4,14.0,14.2,257917.0
SHEPHERD,2025-01-14,14.3,14.4,14.0,14.1,194380.0
SHEPHERD,2025-01-15,14.3,14.4,14.0,14.1,313817.0
SHEPHERD,2025-01-16,14.1,14.4,13.9,14.1,334228.0
SHEPHERD,2025-01-19,14.3,14.9,14.2,14.7,697162.0
SHEPHERD,2025-01-20,15.3,15.3,14.8,14.9,785728.0
SHEPHERD,2025-01-21,14.9,16.0,14.8,15.4,1545666.0
SHEPHERD,2025-01-22,15.4,15.7,15.0,15.1,282626.0
SHEPHERD,2025-01-23,15.1,15.7,15.1,15.2,431116.0
SHEPHERD,2025-01-26,15.4,15.4,15.0,15.0,286859.0
SHEPHERD,2025-01-27,15.1,15.2,14.8,15.0,218475.0
SHEPHERD,2025-01-28,15.1,15.3,14.9,15.0,359379.0
SHEPHERD,2025-01-29,15.0,15.9,15.0,15.7,855870.0
SHEPHERD,2025-01-30,15.6,15.6,15.0,15.1,443324.0
SHEPHERD,2025-02-02,15.6,15.8,15.2,15.4,927291.0
SHEPHERD,2025-02-03,15.7,15.8,15.3,15.4,779914.0
SHEPHERD,2025-02-04,15.5,15.6,15.0,15.4,1506171.0
SHEPHERD,2025-02-05,15.3,15.7,15.3,15.5,470359.0
SHEPHERD,2025-02-06,15.5,16.3,15.5,15.9,1005178.0
SHEPHERD,2025-02-09,16.0,16.7,15.9,16.3,2106658.0
SHEPHERD,2025-02-10,16.7,16.7,16.3,16.4,1334246.0
SHEPHERD,2025-02-11,15.6,17.2,15.6,16.8,1741044.0
SHEPHERD,2025-02-12,17.1,17.1,16.5,16.6,938881.0
SHEPHERD,2025-02-13,16.7,16.9,16.6,16.7,569372.0
SHEPHERD,2025-02-16,16.9,16.9,16.6,16.7,808704.0
SHEPHERD,2025-02-17,16.8,17.7,16.7,17.1,1002637.0
SHEPHERD,2025-02-18,17.1,17.5,17.0,17.1,1088663.0
SHEPHERD,2025-02-19,17.1,17.8,17.0,17.7,1978097.0
SHEPHERD,2025-02-20,17.7,18.0,17.4,17.7,725211.0
SHEPHERD,2025-02-23,17.6,17.9,17.5,17.5,383803.0
SHEPHERD,2025-02-24,17.5,18.0,17.5,17.6,873533.0
SHEPHERD,2025-02-25,17.7,17.9,17.5,17.6,1066858.0
SHEPHERD,2025-02-26,17.5,18.0,17.5,17.6,798352.0
SHEPHERD,2025-02-27,17.7,17.9,17.5,17.7,339707.0
SHEPHERD,2025-03-02,17.8,17.9,17.7,17.9,503090.0
SHEPHERD,2025-03-03,17.8,18.6,17.7,18.2,1449357.0
SHEPHERD,2025-03-04,18.2,18.4,17.9,18.0,871147.0
SHEPHERD,2025-03-05,18.1,18.2,18.0,18.0,444615.0
SHEPHERD,2025-03-06,18.2,18.3,17.8,17.9,1093141.0
SHEPHERD,2025-03-09,17.8,18.0,17.8,17.8,402917.0
SHEPHERD,2025-03-10,17.8,18.0,17.8,18.0,831750.0
SHEPHERD,2025-03-11,18.2,18.2,18.0,18.1,556411.0
SHEPHERD,2025-03-12,18.2,19.4,18.2,18.3,1633001.0
SHEPHERD,2025-03-13,18.5,18.7,18.2,18.3,887549.0
SHEPHERD,2025-03-16,18.3,18.5,18.2,18.2,977795.0
SHEPHERD,2025-03-17,18.2,18.4,18.2,18.2,1040374.0
SHEPHERD,2025-03-18,18.4,18.6,18.1,18.2,519761.0
SHEPHERD,2025-03-19,18.3,18.3,18.0,18.2,427690.0
SHEPHERD,2025-03-20,18.4,18.4,18.0,18.0,538526.0
SHEPHERD,2025-03-23,18.0,18.0,17.7,17.8,342477.0
SHEPHERD,2025-03-24,17.7,18.0,17.7,17.7,632966.0
SHEPHERD,2025-03-25,17.9,17.9,17.7,17.7,478422.0
SHEPHERD,2025-03-27,17.9,18.0,17.7,17.9,379310.0
SHEPHERD,2025-04-06,17.7,17.7,16.3,17.0,260841.0
SHEPHERD,2025-04-07,17.2,17.2,16.7,16.8,305176.0
SHEPHERD,2025-04-08,16.6,17.1,16.6,17.0,306753.0
SHEPHERD,2025-04-09,17.4,17.4,16.6,16.9,199130.0
SHEPHERD,2025-04-10,17.8,17.8,16.7,16.8,271431.0
SHEPHERD,2025-04-13,16.7,16.7,15.7,16.1,108492.0
SHEPHERD,2025-04-15,16.1,16.4,15.1,15.2,232974.0
SHEPHERD,2025-04-16,15.6,15.6,14.8,15.4,573198.0
SHEPHERD,2025-04-17,15.2,15.7,15.2,15.5,65857.0
SHEPHERD,2025-04-20,15.7,15.7,14.9,15.2,138722.0
SHEPHERD,2025-04-21,15.3,15.5,15.1,15.2,147598.0
SHEPHERD,2025-04-22,15.5,16.0,15.1,15.6,301853.0
SHEPHERD,2025-04-23,15.8,16.0,15.3,15.6,316395.0
SHEPHERD,2025-04-24,15.5,15.9,15.0,15.2,425335.0
SHEPHERD,2025-04-27,14.5,15.7,14.5,15.4,203332.0
SHEPHERD,2025-04-28,15.6,16.5,15.5,16.0,260050.0
SHEPHERD,2025-04-29,16.0,16.1,15.8,16.0,123179.0
SHEPHERD,2025-04-30,16.2,16.6,15.8,16.3,374244.0
SHEPHERD,2025-05-04,16.0,16.7,16.0,16.5,285994.0
SHEPHERD,2025-05-05,16.8,16.9,16.4,16.6,214972.0
SHEPHERD,2025-05-06,16.2,16.7,16.2,16.6,269637.0
SHEPHERD,2025-05-07,16.2,16.5,15.6,16.3,584253.0
SHEPHERD,2025-05-08,16.0,16.6,16.0,16.5,555949.0
SHEPHERD,2025-05-12,16.6,16.7,16.1,16.3,236317.0
SHEPHERD,2025-05-13,16.5,16.5,16.2,16.2,185246.0
SHEPHERD,2025-05-14,16.3,16.4,15.8,16.1,235195.0
SHEPHERD,2025-05-15,14.5,16.5,14.5,16.3,356536.0
SHEPHERD,2025-05-17,16.0,16.4,16.0,16.1,79687.0
SHEPHERD,2025-05-18,16.5,16.5,16.1,16.4,296510.0
SHEPHERD,2025-05-19,16.3,17.2,16.3,16.7,1005641.0
SHEPHERD,2025-05-20,16.9,17.0,16.5,16.8,143177.0
SHEPHERD,2025-05-21,17.0,17.0,16.5,16.5,193899.0
SHEPHERD,2025-05-22,16.5,17.0,16.5,16.6,402521.0
SHEPHERD,2025-05-24,16.6,17.2,16.5,16.8,952863.0
SHEPHERD,2025-05-25,16.8,16.9,16.6,16.7,210632.0
SHEPHERD,2025-05-26,16.7,17.3,16.7,16.9,649880.0
SHEPHERD,2025-05-27,17.1,17.1,16.7,16.8,92716.0
SHEPHERD,2025-05-28,17.0,17.0,16.3,16.5,219045.0
SHEPHERD,2025-05-29,16.8,16.8,16.1,16.5,121339.0
SHEPHERD,2025-06-01,16.5,17.1,16.5,16.9,221016.0
SHEPHERD,2025-06-02,16.9,17.2,16.6,16.7,1129627.0
SHEPHERD,2025-06-03,17.1,17.1,16.7,16.9,63410.0
SHEPHERD,2025-06-04,16.7,17.1,16.7,16.8,194803.0
SHEPHERD,2025-06-15,16.8,17.1,16.7,17.0,388864.0
SHEPHERD,2025-06-16,17.2,17.5,16.8,17.2,623123.0
SHEPHERD,2025-06-17,17.0,17.4,16.8,16.9,400015.0
SHEPHERD,2025-06-18,16.7,17.6,16.7,17.5,1207568.0
SHEPHERD,2025-06-19,17.6,17.8,17.2,17.2,607028.0
SHEPHERD,2025-06-22,17.0,17.2,16.8,17.0,600147.0
SHEPHERD,2025-06-23,17.3,17.3,17.0,17.3,639357.0
SHEPHERD,2025-06-24,17.4,18.3,17.3,17.7,1130829.0
SHEPHERD,2025-06-25,17.7,17.9,17.6,17.8,1271638.0
SHEPHERD,2025-06-26,18.0,18.1,17.7,17.9,1924711.0
SHEPHERD,2025-06-29,18.0,18.2,17.8,17.9,1261677.0
SHEPHERD,2025-06-30,18.0,18.6,17.8,18.5,1521171.0
SHEPHERD,2025-07-02,18.5,18.7,18.4,18.6,1458510.0
SHEPHERD,2025-07-03,18.5,19.2,18.3,19.1,2564132.0
SHEPHERD,2025-07-07,19.0,19.3,18.8,18.9,767281.0
SHEPHERD,2025-07-08,18.2,18.8,18.0,18.2,1669149.0
SHEPHERD,2025-07-09,18.8,18.8,17.9,18.3,1299315.0
SHEPHERD,2025-07-10,18.3,18.5,18.0,18.2,905273.0
SHEPHERD,2025-07-13,18.1,18.4,18.1,18.2,896658.0
SHEPHERD,2025-07-14,18.1,18.4,17.7,17.9,869478.0
SHEPHERD,2025-07-15,18.1,18.4,17.9,18.3,982653.0
SHEPHERD,2025-07-16,18.3,19.0,18.3,18.7,1971368.0
SHEPHERD,2025-07-17,18.5,18.9,18.4,18.5,1097294.0
SHEPHERD,2025-07-20,18.4,19.5,18.4,19.1,1594316.0
SHEPHERD,2025-07-21,19.1,19.4,18.3,18.5,1326287.0
SHEPHERD,2025-07-22,18.4,18.7,18.1,18.5,572176.0
SHEPHERD,2025-07-23,18.7,18.7,18.0,18.1,1074680.0
SHEPHERD,2025-07-24,17.9,18.4,17.9,18.1,646921.0
SHEPHERD,2025-07-27,18.1,18.4,18.1,18.2,433736.0
SHEPHERD,2025-07-28,18.3,18.8,18.3,18.6,1283418.0
SHEPHERD,2025-07-29,18.6,19.0,18.4,18.6,1416966.0
SHEPHERD,2025-07-30,18.4,18.7,18.3,18.5,858884.0
SHEPHERD,2025-07-31,18.5,18.5,17.8,18.0,1043856.0
SHEPHERD,2025-08-03,18.5,18.5,17.3,17.7,1648679.0
SHEPHERD,2025-08-04,17.7,18.0,17.4,17.7,641427.0
SHEPHERD,2025-08-06,17.9,18.7,17.9,18.3,1984365.0
SHEPHERD,2025-08-07,18.3,18.5,17.8,17.9,496947.0
SHEPHERD,2025-08-10,18.0,18.3,18.0,18.2,2014571.0
SHEPHERD,2025-08-11,18.2,18.3,17.5,17.7,518900.0
SHEPHERD,2025-08-12,17.7,17.8,16.9,17.0,672593.0
SHEPHERD,2025-08-13,16.7,17.6,16.7,16.9,417107.0
SHEPHERD,2025-08-14,17.0,17.7,16.9,17.4,676471.0
SHEPHERD,2025-08-17,17.7,17.7,17.1,17.3,295973.0
SHEPHERD,2025-08-18,17.4,18.0,17.1,17.9,1040448.0
SHEPHERD,2025-08-19,17.9,18.4,17.6,17.9,1306393.0
SHEPHERD,2025-08-20,17.7,17.8,17.0,17.2,937939.0
SHEPHERD,2025-08-21,17.2,17.4,16.8,17.0,387677.0
SHEPHERD,2025-08-24,17.1,17.7,17.1,17.3,602642.0
SHEPHERD,2025-08-25,17.6,18.3,17.5,18.2,2071068.0
SHEPHERD,2025-08-26,18.5,20.0,18.5,19.3,5318810.0
SHEPHERD,2025-08-27,19.5,20.3,19.1,19.7,4701452.0
SHEPHERD,2025-08-28,19.8,20.5,19.5,19.9,4030157.0
SHEPHERD,2025-08-31,19.7,20.3,19.2,19.4,3115460.0
SHEPHERD,2025-09-01,19.4,19.5,18.2,18.4,2479005.0
SHEPHERD,2025-09-02,18.4,19.4,18.3,19.2,1965088.0
SHEPHERD,2025-09-03,19.7,19.7,18.6,18.8,2374627.0
SHEPHERD,2025-09-04,19.0,19.3,18.7,18.9,1640475.0
SHEPHERD,2025-09-07,18.5,19.6,18.5,19.2,1659978.0
SHEPHERD,2025-09-08,19.4,19.6,18.8,19.1,2169600.0
SHEPHERD,2025-09-09,19.3,19.3,18.0,18.2,1589873.0
SHEPHERD,2025-09-10,18.2,18.6,17.7,18.0,723082.0
SHEPHERD,2025-09-11,18.2,18.7,17.8,18.3,560104.0
SHEPHERD,2025-09-14,18.5,18.5,17.2,17.6,638998.0
SHEPHERD,2025-09-15,17.9,18.0,17.4,17.5,482420.0
SHEPHERD,2025-09-16,17.8,17.8,17.2,17.4,822012.0
SHEPHERD,2025-09-17,17.8,18.0,17.5,17.6,879916.0
SHEPHERD,2025-09-18,17.6,17.7,17.2,17.3,536505.0
SHEPHERD,2025-09-21,17.7,17.7,16.8,16.9,879658.0
SHEPHERD,2025-09-22,17.2,17.4,16.3,16.6,575067.0
SHEPHERD,2025-09-23,16.9,17.0,16.5,16.7,544215.0
SHEPHERD,2025-09-24,16.7,17.4,16.7,17.3,912476.0
SHEPHERD,2025-09-25,17.4,18.0,17.3,17.6,1006704.0
SHEPHERD,2025-09-28,17.6,17.6,17.0,17.0,401989.0
SHEPHERD,2025-09-29,17.3,17.7,17.1,17.6,740160.0
SHEPHERD,2025-09-30,17.8,18.0,17.5,17.6,849294.0
SHEPHERD,2025-10-05,17.6,17.9,17.4,17.5,608704.0
SHEPHERD,2025-10-06,17.5,17.7,16.9,17.0,869018.0
SHEPHERD,2025-10-07,17.2,17.2,16.2,16.3,916746.0
SHEPHERD,2025-10-08,16.7,16.7,16.2,16.3,380734.0
SHEPHERD,2025-10-09,16.4,16.9,16.3,16.4,597242.0
SHEPHERD,2025-10-12,16.5,16.6,16.1,16.2,394454.0
SHEPHERD,2025-10-13,16.4,16.6,16.3,16.4,314400.0
SHEPHERD,2025-10-14,16.5,16.8,16.1,16.2,449877.0
SHEPHERD,2025-10-15,16.3,16.3,15.0,15.3,519282.0
SHEPHERD,2025-10-16,15.3,15.5,14.7,14.9,406058.0
SHEPHERD,2025-10-19,14.9,14.9,14.0,14.2,158931.0
SHEPHERD,2025-10-20,14.1,14.7,14.0,14.5,256465.0
SHEPHERD,2025-10-21,14.8,15.3,14.4,14.5,377884.0
SHEPHERD,2025-10-22,14.5,14.7,14.4,14.5,202557.0
SHEPHERD,2025-10-23,14.7,15.4,14.6,15.2,299233.0
SHEPHERD,2025-10-26,15.2,15.5,14.5,14.8,247280.0
SHEPHERD,2025-10-27,14.6,15.1,14.6,14.9,84992.0
SHEPHERD,2025-10-28,15.2,15.2,14.6,14.7,482733.0
SHEPHERD,2025-10-29,14.7,14.9,14.5,14.6,452388.0
SHEPHERD,2025-10-30,14.7,14.9,14.6,14.6,559326.0
SHEPHERD,2025-11-02,14.7,14.8,13.7,14.0,576508.0
SHEPHERD,2025-11-03,14.2,14.2,13.1,13.2,650747.0
SHEPHERD,2025-11-04,13.4,13.6,13.0,13.0,567828.0
SHEPHERD,2025-11-05,13.3,13.3,12.7,12.8,424402.0
SHEPHERD,2025-11-06,12.8,12.9,12.3,12.7,326211.0
SHEPHERD,2025-11-09,12.9,12.9,12.4,12.4,163157.0
SHEPHERD,2025-11-10,12.5,12.6,12.2,12.3,149483.0
SHEPHERD,2025-11-11,12.3,12.8,12.3,12.8,258662.0
SHEPHERD,2025-11-12,12.5,12.7,12.2,12.3,244906.0
SHEPHERD,2025-11-13,12.4,12.4,11.1,11.3,596375.0
